995
1984
2082
1987
2049
2108
2124
2147
2166
2176
2274
2263
2221
2196
2077
1985
2083
2102
2132
2215
2167
2248
2259
2214
2205
2301
2307
2303
2326
2421
2574
2555
2733
2882
3219
3583
3880
4118
4129
3762
3653
3428
3192
3021
2867
2702
2582
2545
2432
2421
2521
2476
2355
2370
2274
2157
2254
2276
2196
2072
2119
2103
2094
2110
2094
2145
1999
2064
2108
1946
2011
1957
1929
1960
2020
1993
1998
2027
2019
2019
2005
2105
1975
1923
1995
2024
1963
2079
1999
2059
1970
2010
2068
2002
1957
2007
1969
2005
1950
1929
2024
1979
1971
2012
2039
2029
2065
1975
2044
2028
2110
2058
2080
2012
2109
2157
2139
2080
2075
2064
2155
2159
2069
2114
2061
2088
2177
2146
2080
2179
2244
2183
2330
2139
2252
2220
2149
2167
2234
2300
2291
2376
2304
2397
2445
2291
2398
2453
2364
2425
2421
2424
2418
2489
2415
2414
2419
2407
2417
2375
2360
2322
2330
2220
2064
1995
1913
1966
1811
1835
1721
1693
1721
1754
1650
1666
1549
1626
1609
1633
1659
1535
1586
1594
1550
1551
1511
1496
1585
1655
1840
2039
2397
2987
3535
4398
5353
6218
6967
7624
8239
8386
8400
7947
7363
6584
5695
4652
3718
2939
2229
1792
1347
1170
1025
1099
1157
1422
1773
2073
2572
3305
3974
4706
5308
5966
6363
6719
6866
6613
6368
5826
5155
4603
3837
3226
2511
1918
1598
1235
962
829
664
612
529
479
489
514
462
459
435
454
446
438
414
474
376
405
414
447
392
464
463
419
449
429
408
465
445
434
410
446
394
443
406
398
379
398
390
407
322
402
354
352
377
329
327
343
355
336
350
326
332
299
352
330
337
331
346
312
356
309
329
357
338
344
326
297
312
310
288
308
300
313
297
341
300
313
306
292
313
290
308
282
311
281
286
244
295
308
261
314
291
258
259
251
263
278
296
275
303
292
289
273
279
303
292
286
279
294
278
276
281
297
269
244
269
260
302
276
278
298
269
270
273
279
286
271
270
269
290
272
286
287
278
277
319
277
277
281
265
295
299
261
272
278
247
203
231
201
201
199
160
181
163
138
121
114
121
112
109
86
79
76
63
82
70
77
90
68
79
94
105
137
161
217
220
293
330
374
430
483
544
591
561
589
566
662
604
605
570
523
495
393
370
352
269
238
187
159
117
98
82
54
41
23
20
19
6
7
4
4
2
1
3
1
1
0
2
4
0
0
0
0
0
0
0
0
0
0
0
2
1
0
2
1
0
0
2
0
0
5
1
0
0
0
2
0
1
1
2
1
3
0
1
1
0
2
1
1
0
0
2
