0
0
0
47
47
165
165
496
496
897
921
945
1370
1370
1795
1795
2102
2102
2243
2243
2409
2409
2456
2456
2456
2456
2456
2409
2409
2409
2409
2456
2456
2456
2456
2338
2338
2338
2338
2338
2338
2338
2243
2243
2243
2243
2338
2338
2432
2432
2432
2432
2432
2432
2432
2432
2432
2527
2527
2527
2527
2432
2432
2432
2432
2432
2432
2432
2527
2527
2527
2527
2621
2621
2763
2763
2763
2857
2857
2857
2857
2952
2952
3141
3141
3377
3377
3471
3471
3471
3660
3660
3849
3849
4085
4085
4180
4180
4180
4180
4227
4180
4180
4085
4085
3849
3849
3755
3755
3566
3566
3471
3471
3471
3377
3377
3141
3141
3046
3046
2952
2952
2857
2857
2763
2763
2763
2763
2763
2621
2621
2621
2621
2621
2621
2621
2621
2527
2527
2527
2527
2527
2432
2432
2432
2432
2432
2432
2432
2432
2432
2432
2432
2338
2338
2338
2338
2338
2338
2338
2338
2338
2338
2338
2338
2338
2338
2338
2243
2243
2243
2243
2338
2338
2338
2338
2243
2243
2243
2243
2243
2243
2243
2243
2243
2243
2243
2243
2243
2243
2243
2243
2149
2149
2149
2149
2149
2149
2243
2243
2149
2149
2055
2007
2007
2007
2007
2007
2007
2149
2149
2149
2149
2149
2149
2196
2243
2243
2149
2149
2149
2149
2149
2149
2243
2243
2243
2243
2243
2243
2243
2243
2243
2243
2243
2243
2243
2243
2243
2243
2243
2243
2243
2243
2243
2243
2243
2243
2149
2149
2149
2149
2149
2149
2149
2149
2149
2149
2149
2267
2267
2267
2267
2267
2267
2314
2314
2314
2362
2362
2362
2362
2362
2362
2362
2362
2362
2362
2362
2362
2362
2362
2362
2362
2362
2362
2362
2409
2409
2456
2456
2456
2456
2456
2456
2456
2456
2456
2456
2456
2456
2456
2456
2456
2456
2456
2456
2456
2456
2456
2456
2503
2503
2550
2550
2550
2550
2550
2550
2550
2550
2550
2550
2550
2503
2503
2456
2456
2456
2456
2456
2456
2456
2503
2503
2550
2550
2550
2550
2503
2503
2456
2456
2456
2456
2456
2456
2456
2503
2503
2550
2550
2550
2550
2550
2550
2550
2621
2621
2668
2668
2668
2668
2668
2668
2668
2668
2668
2668
2668
2668
2668
2668
2668
2668
2668
2716
2716
2763
2763
2763
2763
2763
2763
2763
2763
2763
2763
2763
2763
2763
2810
2810
2881
2881
2881
2881
2881
2881
2881
2881
2881
2881
2881
2881
2881
2881
2881
2881
2881
2881
2881
2881
2881
2881
2881
2881
2881
2881
2834
2810
2810
2763
2763
2716
2716
2621
2621
2550
2550
2503
2503
2480
2456
2456
2409
2409
2362
2362
2362
2362
2314
2314
2196
2196
2196
2102
2102
2055
2055
2055
2055
2055
2055
2007
2007
1936
1936
1936
1936
1936
1936
1936
1936
1936
1889
1889
1842
1842
1842
1842
1842
1842
1842
1842
1842
1842
1842
1842
1842
1795
1795
1748
1748
1748
1748
1748
1748
1748
1748
1748
1748
1748
1795
1795
1842
1842
1842
1889
1889
2055
2055
2243
2243
2527
2527
2857
2857
3188
3188
3188
3637
3637
4156
4156
4817
4817
5644
5644
6400
6400
7179
7179
7179
7793
7793
8360
8360
8808
8808
9186
9186
9328
9328
9210
9186
9186
8856
8856
8619
8619
8029
8029
7391
7391
6518
6518
6494
5597
5597
4699
4699
4062
4062
3448
3448
2928
2928
2456
2456
2456
2007
2007
1677
1677
1393
1393
1275
1275
1322
1322
1441
1441
1441
1582
1582
1913
1913
2196
2196
2668
2668
3117
3117
3589
3589
3589
4156
4156
4723
4723
5384
5384
6045
6045
6612
6612
7061
7061
7061
7391
7391
7628
7628
7746
7746
7675
7675
7439
7439
6990
6990
6943
6400
6400
5786
5786
5172
5172
4629
4629
4015
4015
3448
3448
3448
2834
2834
2314
2314
1842
1842
1535
1535
1299
1275
1134
1110
1110
968
968
874
874
756
756
661
661
614
614
614
614
614
614
614
614
614
567
567
520
520
520
520
520
520
520
520
520
520
520
520
520
520
520
520
520
520
520
520
520
520
520
520
520
520
520
520
520
520
520
520
520
520
520
520
520
520
520
520
520
520
520
520
520
520
520
520
520
520
520
520
520
520
520
520
520
520
520
520
520
520
520
520
520
520
520
520
520
520
520
520
520
520
520
520
520
520
520
520
520
520
520
449
449
401
401
401
401
401
401
401
401
401
401
401
401
401
401
401
401
401
401
401
401
401
401
401
401
401
401
401
401
401
401
401
401
401
401
401
401
401
401
401
401
401
401
401
401
401
401
401
401
354
354
307
307
354
354
401
401
401
401
354
354
354
307
307
307
307
307
307
354
354
401
401
401
401
401
354
354
307
307
307
307
307
307
354
354
401
401
401
401
401
401
401
401
401
354
354
307
307
307
307
307
307
307
307
307
307
307
307
307
307
307
307
307
307
307
307
307
307
307
307
307
307
307
307
307
307
307
307
307
307
307
307
307
307
307
307
307
307
307
307
307
307
307
307
307
307
307
307
307
307
307
307
307
307
307
307
307
307
307
307
307
307
307
307
307
307
307
307
307
307
307
307
307
307
307
307
307
307
307
307
307
307
307
307
307
307
307
307
307
307
307
307
307
307
307
307
307
307
307
307
307
307
307
307
307
307
307
307
307
307
307
307
307
307
307
307
307
307
307
307
307
307
307
307
307
307
307
307
307
307
307
307
307
307
307
307
307
307
307
307
307
307
307
307
307
307
307
307
307
307
307
307
307
307
307
307
307
307
307
307
307
307
307
307
307
307
307
307
307
307
307
307
307
307
307
307
307
307
307
307
307
307
307
307
307
307
307
307
307
307
307
307
260
260
189
189
189
189
189
189
189
189
189
189
189
189
189
189
189
189
189
142
142
94
94
94
94
94
94
94
94
94
94
94
94
94
94
94
94
94
94
94
94
94
94
94
94
94
94
94
94
94
94
94
94
94
94
94
94
94
94
94
94
94
94
94
94
94
94
142
142
189
189
189
189
260
260
260
307
307
354
354
401
401
449
449
520
520
520
520
520
567
567
614
614
614
614
614
614
661
661
708
708
708
708
708
708
708
708
708
708
708
708
708
661
661
661
567
567
520
520
520
520
520
520
520
520
472
449
449
354
354
260
260
189
189
142
142
94
94
94
94
94
94
94
94
94
47
47
0
0
0
0
0
0
0
0
0
0
0
0
0
0
0
0
0
0
0
0
0
0
0